===========================================================
Multinomial Naive Bayes Model for --> Emotions
(Hyper Parameters: None)
===========================================================

Confusion Matrix:
-----------------

[[ 932   15    5    7   41    1    2    4    1    4    4    1    1   10
     0   50    0   23   47    0  955   15    0    4    0    0    1   11]
 [  32  380    6   10    8    1    1    2    0    2    4    0    1    4
     0   11    0   15    9    0  731    3    0    1    0    0    2   10]
 [   7    7  126   68   11    1    1    5    1    3   14    8    0    1
     3    4    0    1    1    0  793    2    0    1    0    0    0    4]
 [  28   19   56  107   36    2    7    4    2    6   31    8    1    4
     0    5    0    3    9    0 1331    6    0    6    0    0    8    9]
 [  90   16    9   32  228    9   11    8    5    3   23    4    0    4
     1   22    0   10   18    0 1709   13    0    5    0    1    4    1]
 [  18    4    6    4   12   25    1    3    1    2    6    0    0    0
     0   14    0    6    5    0  535   22    0    0    0    2    3    0]
 [  12   10    6   12   10    1   63   25    0    2    6    1    0    0
     2    9    0    3    6    0  788    0    0    6    0    0    2    1]
 [  21   10    2    8   22    1   17  118    1    1   12    1    1    2
     0   12    0    3    7    0  887    3    0    7    0    1    0    6]
 [  11    5    0    5    9    2    2    0   13    1    1    0    0    1
     0    1    0    3   15    0  350   17    0    0    0    1    0    2]
 [  13   10    9   20   16    2    2    1    0   44   16    8    0    0
     1    6    0    1    5    0  793    3    0    4    0    0   13    3]
 [  17   16   13   39   30    3    8    2    0    8  101    5    1    0
     2   11    0    6    3    0 1253    2    0    5    0    1    9    2]
 [   7    5   26   32    8    0    1    1    0    5   17   69    0    1
     2    2    0    0    1    0  394    5    0    1    0    0    4    4]
 [   5    3    6   10    5    3    4    2    0    0    3    2    7    0
     1    3    0    0    1    0  246    2    0    0    0    0    0    0]
 [  54    8    6    3   12    0    1   11    0    1    4    1    0   30
     0   10    0   29    8    0  402    4    0    1    0    0    1   11]
 [   6    5    2    3    7    0    0    3    0    1    4    1    0    0
    20    0    0    0    0    0  260    1    0    3    0    0    1    0]
 [  74    5    1    2    7    6    0    1    0    1    0    0    0    2
     0  971    0   18    6    0  298   11    0    1    0    4    1    0]
 [   0    0    0    0    2    0    0    0    0    0    1    0    0    0
     1    2    0    0    0    0   47    0    0    0    0    0    5    0]
 [  60   57    1    6   15    3    0    1    1    1    2    0    0    5
     1   14    0  119   35    0  484    3    0    3    0    0    0    3]
 [  73    8    0    1   12    2    0    0    0    0    0    0    0    1
     0    6    0   10  388    0  497    4    0    1    0    0    0    1]
 [   3    0    3    4    7    6    1    1    0    3    2    0    0    0
     0    0    0    0    0    3  149    3    0    0    0    0    2    0]
 [ 267  131   92  158  237   40   57   77   14   61  172   40    5   19
    15   90    0   51   75    0 9271   61    0   51    1    5   32   45]
 [  41    2    1    2   12    6    3    3    7    1    6    2    0    1
     0   17    0    9    6    0  636  150    0    3    0    0    2    4]
 [  20    2    1    3    5    1    0    0    0    2    3    1    0    0
     1    2    0    6    0    0  107    2    1    0    0    0    0    0]
 [  22    9    4   17   32    1    4    2    1    2   16    0    0    1
     0    9    0    3    5    0  805    2    0   28    0    0    1    8]
 [  14    1    0    2    2    2    3    1    0    0    2    0    0    0
     0   12    0    3    1    0  111    1    0    1    0    0    0    0]
 [   2    4    3    2    4    3    1    0    0    5    0    0    0    0
     0    8    0    0    1    0  183    1    0    2    0   38   15    0]
 [  12    7    4   12   11    2    0    2    3   21    6    1    0    0
     2    5    0    6    2    0  599    4    0    3    0   16   77    0]
 [  37    7    8    8    8    0    2   11    0    1    5    1    0    4
     0    3    0    4    2    0  510    0    0    5    0    0    1   74]]

Classification Report:
----------------------

                precision    recall  f1-score   support

    admiration       0.50      0.44      0.46      2134
     amusement       0.51      0.31      0.38      1233
         anger       0.32      0.12      0.17      1062
     annoyance       0.19      0.06      0.09      1688
      approval       0.28      0.10      0.15      2226
        caring       0.20      0.04      0.06       669
     confusion       0.33      0.07      0.11       965
     curiosity       0.41      0.10      0.16      1143
        desire       0.26      0.03      0.05       439
disappointment       0.24      0.05      0.08       970
   disapproval       0.22      0.07      0.10      1537
       disgust       0.45      0.12      0.19       585
 embarrassment       0.41      0.02      0.04       303
    excitement       0.33      0.05      0.09       597
          fear       0.38      0.06      0.11       317
     gratitude       0.75      0.69      0.72      1409
         grief       0.00      0.00      0.00        58
           joy       0.36      0.15      0.21       814
          love       0.59      0.39      0.47      1004
   nervousness       1.00      0.02      0.03       187
       neutral       0.37      0.84      0.51     11067
      optimism       0.44      0.16      0.24       914
         pride       1.00      0.01      0.01       157
   realization       0.20      0.03      0.05       972
        relief       0.00      0.00      0.00       156
       remorse       0.55      0.14      0.22       272
       sadness       0.42      0.10      0.16       795
      surprise       0.37      0.11      0.17       691

      accuracy                           0.39     34364
     macro avg       0.40      0.15      0.18     34364
  weighted avg       0.38      0.39      0.32     34364


===========================================================
Multinomial Naive Bayes Model for --> Sentiments
(Hyper Parameters: None)
===========================================================

Confusion Matrix:
-----------------

[[ 744  632 1458  937]
 [ 241 4137 2137 1259]
 [ 554 1986 5295 3232]
 [ 256  949 2216 8331]]

Classification Report:
----------------------

              precision    recall  f1-score   support

   ambiguous       0.41      0.20      0.27      3771
    negative       0.54      0.53      0.53      7774
     neutral       0.48      0.48      0.48     11067
    positive       0.61      0.71      0.65     11752

    accuracy                           0.54     34364
   macro avg       0.51      0.48      0.48     34364
weighted avg       0.53      0.54      0.53     34364


===========================================================
Base Decision Tree Model for --> Emotions
(Hyper Parameters: None)
===========================================================

Confusion Matrix:
-----------------

[[1214   45   21   42  128   17   18   16   13   14   13    8    4   51
     7   68    1   53   82    3  244   24    9   13    3    2    1   20]
 [  60  708   16   45   38    7    9   12    9    8   18    7    6   21
     3    8    1   46   13    1  166    6    0    8    1    2    3   11]
 [  13   26  387  157   33   13   20   26    2   32   43   37    4    7
     9    2    1    5    2    0  216    2    0    6    0    4    4   11]
 [  54   65  233  370  104   25   47   34   12   76   92   59   14    9
    10    6    4   11   10    3  385   12    1   10    2    6   18   16]
 [ 199   41   56  135  598   72   46   40   39   47   62   20   11   22
     8   25    1   36   40    3  642   25    1   23    7    4    9   14]
 [  45   14   22   42   72  159    9   10    8   15   21    1    3    3
     4   14    4    9   11    1  146   28    0    5    0    9   11    3]
 [  17   31   28   51   48   11  290  108    7   15   25    9    5    8
     6    6    0    2    9    3  253    4    1   13    1    0    1   13]
 [  34   21   27   60   49   12  153  373    9   10   19    4    8   12
     7    6    0    4   11    0  294    5    2    3    1    2    1   16]
 [  19   11   10   18   33   12    9   12  125   12    7    2    2   15
     2    3    1    5   12    2   93   22    0    5    1    1    3    2]
 [  23   20   51  108   61   23   20   13    9  170   59   33    8    6
    12    6    1    7    7    9  242    2    1   13    3    7   42   14]
 [  36   32   89  164  129   19   67   26    6   80  347   24   12    9
    11   10    4    9    4    1  391   13    0   21    1    5   21    6]
 [  13   18   70  106   32    5   10    3    3   26   37  129    6    4
    16    3    1    2    1    1   88    3    0    5    1    0    2    0]
 [   8    7   18   33   20    5   11    6    2   15   11   12   50    1
     3    5    0    3    3    1   74    2    0    3    0    7    1    2]
 [  72   37   17   19   30    3   10   32    8    7    5    4    0  115
     1    9    0   33   14    5  139   10    1    6    1    0    2   17]
 [   6    7   15   19   14    4    2    5    3   13    9   14    3    2
   129    1    1    0    0    8   49    3    0    3    1    0    4    2]
 [ 117   11    4   17   31   23    2    8    2    6    7    1    1   16
     0 1051    0   23    8    0   46   10    3    2    6   10    3    1]
 [   4    0    2    3    4    1    2    1    1    4    1    2    1    0
     2    0    5    0    0    0   12    0    1    2    0    2    8    0]
 [ 101  106    9   17   47   14    6    9    8    4    4    3    1   47
     6   28    3  215   48    0  113    4    3    3    5    1    7    2]
 [ 142   25    0   11   48   16    5    5   17    7    5    5    1   15
     2   14    0   53  512    1  103    4    0    5    0    2    4    2]
 [   3    3    9   18   15   15    5    4    1   14    7    3    2    2
    15    1    0    0    0   26   30    3    0    0    0    0    8    3]
 [ 565  331  402  696 1014  265  404  404  153  269  512  118   52  149
    85   83   11  150  110   42 4813   97    7  130   13   28   80   84]
 [  72   15   17   34   90   43   21   12   46   19   18    1    2   11
     7   17    2   21   13    0  207  217    2    6    5    3    7    6]
 [  37    4    3    8   16    3    3    0    1    3    3    0    2    2
     2    3    0    8    0    0   45    4    7    1    1    0    1    0]
 [  52   48   27   66  116   24   26   14   11   36   50    4    5   10
     9   11    2   13    7    2  334    7    0   62    2    9    7   18]
 [  17    4    2    6   23   13    2    2    0    2    2    0    0    1
     0   10    0   13    5    0   34    2    0    2   15    0    1    0]
 [   4    4    5   16   19   10    8    4    3   25    3    1    7    1
     0   12    5    0    1    0   32    1    0    4    0   90   16    1]
 [  18   14   30   64   55   23   11    3    9   87   48   15   12    6
    15    5    4    5    3    8  130    3    1   16    0   61  148    1]
 [  59   16   24   41   42    5   22   35    4   19   14   11    8   37
     6    3    1   13    2    1  164    4    0   10    0    0    5  145]]

Classification Report:
----------------------

                precision    recall  f1-score   support

    admiration       0.40      0.57      0.47      2134
     amusement       0.43      0.57      0.49      1233
         anger       0.24      0.36      0.29      1062
     annoyance       0.16      0.22      0.18      1688
      approval       0.21      0.27      0.23      2226
        caring       0.19      0.24      0.21       669
     confusion       0.23      0.30      0.26       965
     curiosity       0.31      0.33      0.32      1143
        desire       0.24      0.28      0.26       439
disappointment       0.16      0.18      0.17       970
   disapproval       0.24      0.23      0.23      1537
       disgust       0.24      0.22      0.23       585
 embarrassment       0.22      0.17      0.19       303
    excitement       0.20      0.19      0.20       597
          fear       0.34      0.41      0.37       317
     gratitude       0.75      0.75      0.75      1409
         grief       0.09      0.09      0.09        58
           joy       0.29      0.26      0.28       814
          love       0.55      0.51      0.53      1004
   nervousness       0.21      0.14      0.17       187
       neutral       0.51      0.43      0.47     11067
      optimism       0.42      0.24      0.30       914
         pride       0.17      0.04      0.07       157
   realization       0.16      0.06      0.09       972
        relief       0.21      0.10      0.13       156
       remorse       0.35      0.33      0.34       272
       sadness       0.35      0.19      0.24       795
      surprise       0.35      0.21      0.26       691

      accuracy                           0.36     34364
     macro avg       0.29      0.28      0.28     34364
  weighted avg       0.37      0.36      0.36     34364


===========================================================
Base Decision Tree Model for --> Sentiments
(Hyper Parameters: None)
===========================================================

Confusion Matrix:
-----------------

[[1701  594  964  512]
 [ 873 4686 1504  711]
 [1594 2492 5254 1727]
 [ 841 1328 2510 7073]]

Classification Report:
----------------------

              precision    recall  f1-score   support

   ambiguous       0.34      0.45      0.39      3771
    negative       0.51      0.60      0.56      7774
     neutral       0.51      0.47      0.49     11067
    positive       0.71      0.60      0.65     11752

    accuracy                           0.54     34364
   macro avg       0.52      0.53      0.52     34364
weighted avg       0.56      0.54      0.55     34364


===========================================================
Base Multi-Layered Perceptron Model for --> Emotions
(Hyper Parameters: None)
===========================================================

Confusion Matrix:
-----------------

[[1156   25    7   10   33    6    1    5   10    5    5    8    2   24
     4   42    0   40   86    0  599   24    0    5    0    0    2   35]
 [  34  704    6   15    5    0    1    3    3    0    5    1    4    7
     2   11    0   34   15    0  354    4    0    1    0    3    4   17]
 [   5   17  304   83    7    2    2    5    0    8   22   24    3    2
    12    4    0    3    4    0  529    2    0    1    0    5    9    9]
 [  32   48  112  148   27    3   15    8    5   14   35   47    7    4
    15    9    0    7   15    1 1082    8    0    4    0    5   18   19]
 [ 128   29   16   24  223   17   25    5   17   11   36   11    1   11
     4   21    0   26   44    2 1507   27    0   10    0    9   10   12]
 [  28    9    6    5    8   65    4    5    5    5    7    3    0    0
     5    7    0   13   12    0  412   37    0    2    0   16   13    2]
 [  11   20   14   14    5    0  122   27    1    5   12    4    0    3
     5    8    0    7   12    1  667    2    0   10    0    2    4    9]
 [  19   17   10    6    9    1   20  139    2    4    9    3    5    9
     6    9    0    6   15    0  819    2    0    3    0    4    3   23]
 [   9    9    0    6    6    3    2    1   97    1    0    1    1    4
     2    1    0    4   24    1  236   26    0    0    0    1    1    3]
 [  14   16   25   23   11    4    7    3    6   82   18   15    4    0
     9    9    0    3    9    2  620    6    0    2    0   14   54   14]
 [  25   26   26   45   28    5   35    4    3   13  122   15    9    2
    13   12    0    7   11    1 1072   14    0    7    0   13   19   10]
 [  10   11   47   36    5    0    4    1    1    9   14  152    6    1
    17    2    0    1    1    0  249    3    0    0    0    2    6    7]
 [   2    4   10   18    2    3    4    0    1    1    4   13   47    1
     1    2    0    1    4    0  170    3    0    0    0    8    3    1]
 [  54   15   13    4    8    0    1   16    0    1    2    1    0   84
     1    9    0   34   17    2  298    7    0    2    0    0    3   25]
 [   3    5    3    3    1    1    0    1    0    2    2    6    2    0
   136    1    0    0    0    5  135    4    0    2    0    0    5    0]
 [  93    6    1    2    5   11    0    2    2    2    1    0    0    6
     0 1097    0   30    9    0  100   14    0    1    0   23    3    1]
 [   1    0    0    0    1    0    0    0    0    0    2    0    0    0
     3    2    0    0    0    0   34    0    0    0    0    4   10    1]
 [  74  102    5    6   12    4    0    1    1    1    1    0    0   25
     4   27    0  219   59    0  254    7    0    1    0    1    3    7]
 [  66   17    3    2    3    3    1    1    5    1    2    2    0    0
     0    9    0   24  654    0  197    6    0    1    0    2    2    3]
 [   3    0    3    4    3    6    1    2    0    8    2    1    1    0
    10    1    0    0    0   15  115    4    0    0    0    0    6    2]
 [ 306  212  147  156  159   68   96  100   48   81  182   71   17   50
    62   68    0   87  121    3 8698   93    0   53    1   36   76   76]
 [  45    8    2    6   13   14    8    3   26    4    8    2    2    6
     1   13    0   13   15    2  430  277    0    3    0    2    2    9]
 [  32    2    1    1    3    2    0    0    0    3    1    0    0    0
     1    3    0    7    1    0   95    3    0    0    0    0    1    1]
 [  22   20    5   13   25    2    6    3    4    7   14    2    1    2
     9    8    0    4   10    0  717    9    0   49    0    4    8   28]
 [  17    2    2    1    4    6    1    1    0    1    0    0    0    0
     1   13    0   16    2    0   82    2    0    1    2    0    2    0]
 [   2    3    4    4    2    1    0    0    3    7    1    2    2    0
     0    4    0    0    0    1   67    1    0    3    0  145   19    1]
 [  11    8   12    8    5    5    2    1    6   33    5    8    1    0
    10    9    0    4    5    1  389    4    0    2    0   78  185    3]
 [  29    6   14    6    8    0    6   14    3    1    3    6    0   17
     3    3    0    2    2    0  340    4    0    3    0    1    3  217]]

Classification Report:
----------------------

                precision    recall  f1-score   support

    admiration       0.52      0.54      0.53      2134
     amusement       0.52      0.57      0.55      1233
         anger       0.38      0.29      0.33      1062
     annoyance       0.23      0.09      0.13      1688
      approval       0.36      0.10      0.16      2226
        caring       0.28      0.10      0.14       669
     confusion       0.34      0.13      0.18       965
     curiosity       0.40      0.12      0.19      1143
        desire       0.39      0.22      0.28       439
disappointment       0.26      0.08      0.13       970
   disapproval       0.24      0.08      0.12      1537
       disgust       0.38      0.26      0.31       585
 embarrassment       0.41      0.16      0.22       303
    excitement       0.33      0.14      0.20       597
          fear       0.40      0.43      0.42       317
     gratitude       0.78      0.78      0.78      1409
         grief       0.00      0.00      0.00        58
           joy       0.37      0.27      0.31       814
          love       0.57      0.65      0.61      1004
   nervousness       0.41      0.08      0.13       187
       neutral       0.43      0.79      0.56     11067
      optimism       0.47      0.30      0.37       914
         pride       0.00      0.00      0.00       157
   realization       0.30      0.05      0.09       972
        relief       0.67      0.01      0.03       156
       remorse       0.38      0.53      0.45       272
       sadness       0.39      0.23      0.29       795
      surprise       0.41      0.31      0.35       691

      accuracy                           0.44     34364
     macro avg       0.38      0.26      0.28     34364
  weighted avg       0.41      0.44      0.39     34364


===========================================================
Base Multi-Layered Perceptron Model for --> Sentiments
(Hyper Parameters: None)
===========================================================

Confusion Matrix:
-----------------

[[ 858  623 1622  668]
 [ 230 4442 2138  964]
 [ 553 2035 6238 2241]
 [ 257 1007 2531 7957]]

Classification Report:
----------------------

              precision    recall  f1-score   support

   ambiguous       0.45      0.23      0.30      3771
    negative       0.55      0.57      0.56      7774
     neutral       0.50      0.56      0.53     11067
    positive       0.67      0.68      0.67     11752

    accuracy                           0.57     34364
   macro avg       0.54      0.51      0.52     34364
weighted avg       0.56      0.57      0.56     34364


===========================================================
Top Multinomial Naive Bayes Model for --> Emotions
(Hyper Parameters: {'alpha': (0, 0.5, 1.0, 1.5)})
===========================================================

Confusion Matrix:
-----------------

[[1057   24    9   13   49   10    3    5    4   12    6    3    1   19
     0   64    0   37   73    0  688   23    1    8    1    0    2   22]
 [  36  554    6   21   14    1    3    3    3    1    8    1    2    9
     0   14    0   28    9    0  500    2    0    3    0    0    3   12]
 [  10   14  217   91   22    2    1    7    1    6   23   16    2    3
     4    5    0    2    1    0  611    4    0    4    0    2    8    6]
 [  32   35  112  151   54    6   15   11    4   19   47   19    4    6
     2    9    2    4   11    0 1082   14    0   14    0    1   20   14]
 [ 116   29   17   50  296   25   18   12   13   16   34    7    0    8
     3   27    0   18   29    0 1437   26    0   24    0    3   12    6]
 [  24    5    8    6   13   65    1    5    2    5   11    2    0    0
     0   15    0    9    9    0  438   32    0    2    2    6    8    1]
 [  17   19    9   17   15    2   98   36    1    6   17    3    0    2
     2   10    0    4    6    1  675    1    0   11    0    1    3    9]
 [  27   12    7   13   21    5   33  169    4    4   17    1    2    6
     3   14    0    2   10    0  760    5    0   10    0    1    3   14]
 [   9    8    4    4   15    3    3    1   32    2    1    1    0    2
     0    1    0    6   20    1  294   28    0    1    0    1    0    2]
 [  17   15   15   35   29    9    5    3    1   81   23   11    2    0
     2    8    0    2    6    1  635   10    0   12    0    3   35   10]
 [  19   25   21   64   61   11   26    5    0   21  175   17    3    1
     3   15    0    7    5    0 1014   10    0   13    0    2   16    3]
 [  14   10   32   45   11    0    3    2    0   13   17   98    2    1
     7    3    0    1    1    0  307    6    0    2    0    0    6    4]
 [   5    4    6   18    6    1    6    4    0    4    6    7   19    1
     2    4    0    1    3    0  193    2    0    3    0    3    3    2]
 [  61   12   13    4   14    0    4   16    0    2    5    1    0   50
     0   15    0   39   15    2  314    7    1    5    1    0    2   14]
 [   7    5    2    7    9    4    0    3    0    3    4    5    0    0
    63    1    0    0    0    2  191    4    0    4    0    0    2    1]
 [  83    8    1    5    7   10    1    2    0    1    1    0    0    2
     1 1052    0   29    6    0  171   16    0    2    1    7    3    0]
 [   1    0    1    1    3    0    0    0    0    0    1    0    0    0
     2    1    0    0    0    0   38    0    0    1    0    2    6    1]
 [  78   82    2    9   19    7    0    1    1    1    5    0    0    9
     2   21    0  186   45    0  329    7    0    5    0    1    0    4]
 [  88   12    1    3   12    3    1    2    1    0    0    0    0    0
     0   10    0   20  479    0  358    7    1    1    0    1    1    3]
 [   3    0    4    6    9    9    1    2    0   10    3    1    1    0
     6    1    0    0    0    3  113    6    0    1    0    0    6    2]
 [ 354  205  164  242  370  112  105  147   38  113  284   64   17   53
    37  105    3   99  112    1 8026  112    6  130    1   12   82   73]
 [  49    7    1    7   15   17    5    5   13    2   15    2    0    2
     1   18    0   15   11    0  500  214    0    6    0    0    3    6]
 [  28    2    3    5    3    3    0    0    1    2    3    1    0    0
     1    2    0    9    1    0   83    6    3    1    0    0    0    0]
 [  27   16    6   25   47   10    9    7    3   10   23    1    0    3
     2   11    0    8   10    0  666    4    1   55    0    4    4   20]
 [  19    3    1    5    5    8    2    1    0    2    2    1    0    0
     0   14    0    7    2    0   81    1    0    1    1    0    0    0]
 [   2    5    2    5    6    6    2    0    1   10    1    2    2    0
     1    9    0    0    1    0  121    2    0    5    0   64   24    1]
 [  17   10    4   12   18    9    1    2    4   41   11    2    0    0
     3    7    0    7    4    0  468    7    0    6    0   42  118    2]
 [  43    8   15   10   14    0    4   14    1    5    7    4    1   11
     4    4    0    5    3    0  403    1    0    8    0    2    3  121]]

Classification Report:
----------------------

                precision    recall  f1-score   support

    admiration       0.47      0.50      0.48      2134
     amusement       0.49      0.45      0.47      1233
         anger       0.32      0.20      0.25      1062
     annoyance       0.17      0.09      0.12      1688
      approval       0.26      0.13      0.17      2226
        caring       0.19      0.10      0.13       669
     confusion       0.28      0.10      0.15       965
     curiosity       0.36      0.15      0.21      1143
        desire       0.25      0.07      0.11       439
disappointment       0.21      0.08      0.12       970
   disapproval       0.23      0.11      0.15      1537
       disgust       0.36      0.17      0.23       585
 embarrassment       0.33      0.06      0.11       303
    excitement       0.27      0.08      0.13       597
          fear       0.42      0.20      0.27       317
     gratitude       0.72      0.75      0.73      1409
         grief       0.00      0.00      0.00        58
           joy       0.34      0.23      0.27       814
          love       0.55      0.48      0.51      1004
   nervousness       0.27      0.02      0.03       187
       neutral       0.39      0.73      0.51     11067
      optimism       0.38      0.23      0.29       914
         pride       0.23      0.02      0.04       157
   realization       0.16      0.06      0.08       972
        relief       0.14      0.01      0.01       156
       remorse       0.41      0.24      0.30       272
       sadness       0.32      0.15      0.20       795
      surprise       0.34      0.18      0.23       691

      accuracy                           0.39     34364
     macro avg       0.32      0.20      0.23     34364
  weighted avg       0.36      0.39      0.34     34364


===========================================================
Top Multinomial Naive Bayes Model for --> Sentiments
(Hyper Parameters: {'alpha': (0, 0.5, 1.0, 1.5)})
===========================================================

Confusion Matrix:
-----------------

[[ 611  611 1544 1005]
 [ 166 4019 2267 1322]
 [ 411 1891 5463 3302]
 [ 192  876 2243 8441]]

Classification Report:
----------------------

              precision    recall  f1-score   support

   ambiguous       0.44      0.16      0.24      3771
    negative       0.54      0.52      0.53      7774
     neutral       0.47      0.49      0.48     11067
    positive       0.60      0.72      0.65     11752

    accuracy                           0.54     34364
   macro avg       0.52      0.47      0.48     34364
weighted avg       0.53      0.54      0.53     34364


===========================================================
Top Decision Tree Model for --> Emotions
(Hyper Parameters: {'criterion': ['gini', 'entropy'], 'max_depth': [3, 10], 'min_samples_split': [2, 5, 10]})
===========================================================

Confusion Matrix:
-----------------

[[  674     6     0     0     0     0     0     0     0     0     0     0
      0     0     0    18     0     3    72     0  1337    23     0     0
      0     1     0     0]
 [   39   383     0     4     0     0     0     0     0     0     0     0
      0     0     0     7     0     1    14     0   776     4     0     0
      0     5     0     0]
 [   23     6     0     0     0     0     0     0     0     0     0     0
      0     0     0     4     0     0     3     0  1016     3     0     0
      0     7     0     0]
 [   41    26     1     1     0     0     0     0     0     0     1     0
      0     0     0     7     0     0    16     0  1577    12     0     0
      0     6     0     0]
 [  106    13     0     0     0     0     0     0     0     0     0     0
      0     0     0    12     0     2    33     0  2036    21     0     0
      0     3     0     0]
 [   37     3     0     0     0     4     0     0     0     0     0     0
      0     0     0     1     0     0    14     0   570    27     0     0
      0    13     0     0]
 [   20     9     0     0     0     0     0     0     0     0     0     0
      0     0     0     6     0     0    11     0   916     0     0     0
      0     3     0     0]
 [   22     8     0     1     0     0     0     0     0     0     0     0
      0     0     0     6     0     0    15     0  1084     3     0     0
      0     4     0     0]
 [   14     4     0     0     0     0     0     0     0     0     0     0
      0     0     0     1     0     0    23     0   373    24     0     0
      0     0     0     0]
 [   22    10     0     2     0     2     0     0     0     0     0     0
      0     0     0     6     0     1     6     0   903     6     0     0
      0    12     0     0]
 [   38    15     0     1     0     0     0     0     0     0     2     0
      0     0     0    10     0     0    13     0  1431    10     0     0
      0    17     0     0]
 [   14     5     0     0     0     0     0     0     0     0     0     0
      0     0     0     1     0     0     2     0   557     3     0     0
      0     3     0     0]
 [    2     4     0     0     0     0     0     0     0     0     0     0
      0     0     0     2     0     0     5     0   282     2     0     0
      0     6     0     0]
 [   29     4     0     0     0     0     0     0     0     0     0     0
      0     0     0     1     0     1    11     0   548     3     0     0
      0     0     0     0]
 [    5     4     0     0     0     0     0     0     0     0     0     0
      0     0     0     0     0     0     2     0   303     2     0     0
      0     1     0     0]
 [   56     2     1     1     0     3     0     0     0     0     0     0
      0     0     0  1032     0     0    13     0   259    19     0     1
      1    21     0     0]
 [    1     0     0     0     0     0     0     0     0     0     0     0
      0     0     0     0     0     0     1     0    50     0     0     0
      0     6     0     0]
 [   59    28     0     0     0     0     0     0     0     0     0     0
      0     0     0     4     0     1    46     0   669     6     0     0
      0     1     0     0]
 [   17    12     0     0     0     1     1     0     0     1     0     0
      0     0     0     8     0     2   621     0   335     4     0     0
      0     2     0     0]
 [    1     0     0     0     0     0     0     0     0     0     0     0
      0     0     0     1     0     0     0     0   183     1     0     0
      0     1     0     0]
 [  281   116     0     1     0     1     0     0     0     0     1     0
      0     0     0    51     0     0   133     0 10386    61     0     0
      0    36     0     0]
 [   40     6     0     0     0    13     0     0     0     0     0     0
      0     0     0     3     0     3    17     0   589   241     0     0
      0     2     0     0]
 [   14     1     0     0     0     0     0     0     0     0     0     0
      0     0     0     1     0     0     0     0   139     2     0     0
      0     0     0     0]
 [   28    11     0     0     0     0     0     0     0     0     0     0
      0     0     0     4     0     0     9     0   912     2     0     0
      0     6     0     0]
 [   16     2     0     0     1     0     0     0     0     0     0     0
      0     0     0     4     0     0     2     0   128     0     0     0
      3     0     0     0]
 [    4     3     0     1     0     0     0     0     0     0     0     0
      0     0     0     1     0     0     0     0   105     1     0     0
      0   157     0     0]
 [   14     5     0     0     0     0     0     0     0     0     0     0
      0     0     0     2     0     0     4     0   675     8     0     0
      0    87     0     0]
 [   21     4     0     1     0     0     0     0     0     0     0     0
      0     0     0     2     0     0     3     0   659     0     0     0
      0     1     0     0]]

Classification Report:
----------------------

                precision    recall  f1-score   support

    admiration       0.41      0.32      0.36      2134
     amusement       0.56      0.31      0.40      1233
         anger       0.00      0.00      0.00      1062
     annoyance       0.08      0.00      0.00      1688
      approval       0.00      0.00      0.00      2226
        caring       0.17      0.01      0.01       669
     confusion       0.00      0.00      0.00       965
     curiosity       0.00      0.00      0.00      1143
        desire       0.00      0.00      0.00       439
disappointment       0.00      0.00      0.00       970
   disapproval       0.50      0.00      0.00      1537
       disgust       0.00      0.00      0.00       585
 embarrassment       0.00      0.00      0.00       303
    excitement       0.00      0.00      0.00       597
          fear       0.00      0.00      0.00       317
     gratitude       0.86      0.73      0.79      1409
         grief       0.00      0.00      0.00        58
           joy       0.07      0.00      0.00       814
          love       0.57      0.62      0.59      1004
   nervousness       0.00      0.00      0.00       187
       neutral       0.36      0.94      0.52     11067
      optimism       0.49      0.26      0.34       914
         pride       0.00      0.00      0.00       157
   realization       0.00      0.00      0.00       972
        relief       0.75      0.02      0.04       156
       remorse       0.39      0.58      0.47       272
       sadness       0.00      0.00      0.00       795
      surprise       0.00      0.00      0.00       691

      accuracy                           0.39     34364
     macro avg       0.19      0.14      0.13     34364
  weighted avg       0.26      0.39      0.27     34364


===========================================================
Top Decision Tree Model for --> Sentiments
(Hyper Parameters: {'criterion': ['gini', 'entropy'], 'max_depth': [3, 10], 'min_samples_split': [2, 5, 10]})
===========================================================

Confusion Matrix:
-----------------

[[    4    23  3570   174]
 [    2   322  7063   387]
 [    5    50 10358   654]
 [    4    69  7633  4046]]

Classification Report:
----------------------

              precision    recall  f1-score   support

   ambiguous       0.27      0.00      0.00      3771
    negative       0.69      0.04      0.08      7774
     neutral       0.36      0.94      0.52     11067
    positive       0.77      0.34      0.48     11752

    accuracy                           0.43     34364
   macro avg       0.52      0.33      0.27     34364
weighted avg       0.57      0.43      0.35     34364


===========================================================
Top Multi-Layered Perceptron Model for --> Emotions
(Hyper Parameters: {'activation': ('logistic', 'tanh', 'relu', 'identity'), 'hidden_layer_sizes': ((120,), (30, 30)), 'solver': ('adam', 'sgd')})
===========================================================

Confusion Matrix:
-----------------

[[1114   30    9    4   26    9    0    4    5    4    4    8    1    8
     4   41    0   47   97    0  649   27    0    3    0    0    3   37]
 [  37  756    7   16    5    0    1    1    3    1    3    2    2    2
     1    8    0   32   16    0  309    5    0    1    0    1    2   22]
 [   2   16  289   69    6    2    0    4    0    7   12   18    0    1
     8    7    0    3    5    0  587    2    0    1    0    4   10    9]
 [  29   49  124  136   20    7    8    3    8   13   37   34    1    5
    11   11    0    6   15    0 1111    9    0    1    0    5   21   24]
 [ 123   37   13   25  177   22   11    4   11   14   26    9    1    6
     9   16    0   32   42    0 1583   30    0    8    0    5   12   10]
 [  27    8    6    1    5   73    1    5    7    2    6    4    0    0
     5    4    0   18   16    0  420   32    0    0    0   14   13    2]
 [  11   24   14   12    4    1   73   14    1    3    9    4    0    3
     6    7    0    5    9    0  731    3    0   10    0    3    5   13]
 [  19   20   12    6    5    4   14  113    2    6    7    2    2    7
     6    8    0    6   13    0  858    2    0    3    0    3    5   20]
 [   8   10    1    3    5    5    1    0   92    1    0    1    0    4
     2    1    0    4   22    0  247   30    0    0    0    1    0    1]
 [  18   19   21   15   10    9    4    2    6   76   11   14    0    2
     7    8    0    6    6    0  640    5    0    2    0    9   67   13]
 [  24   26   33   29   25    5   18    5    3   14   92   13    3    3
    15   13    0    9   12    0 1132   16    0    3    0   12   22   10]
 [   7   13   47   36    3    1    1    1    2    6   15  138    3    0
    16    1    0    1    1    0  274    2    0    0    0    1    8    8]
 [   3    5   13   14    2    3    6    2    4    6    5   15   21    1
     2    4    0    1    7    0  172    3    0    0    0    6    6    2]
 [  63   18   10    2    5    0    1   13    0    3    2    0    0   56
     1   11    0   46   21    0  314    7    0    1    0    0    2   21]
 [   2    5    3    6    1    5    1    1    0    2    3    4    1    0
   140    1    0    0    1    0  131    4    0    1    0    0    4    1]
 [  84    7    1    1    1   11    0    2    3    1    0    0    0    1
     1 1100    0   42   11    0  109   13    0    0    0   18    3    0]
 [   1    0    3    1    2    0    0    0    0    0    1    0    0    0
     4    4    0    0    0    0   30    0    0    0    0    3    9    0]
 [  75  108    3    4    8   10    0    0    1    1    1    1    0    8
     4   27    0  223   58    0  262    8    0    2    0    1    5    4]
 [  62   14    3    2    5    6    0    0    0    0    0    2    0    0
     1   10    0   16  674    0  194    7    0    1    0    1    3    3]
 [   2    0    3    6    6   11    4    5    1    6    5    1    0    0
    13    1    0    1    0    0  108    4    0    0    0    0    9    1]
 [ 302  246  162  119  107   79   60   67   37   75  134   51    3   27
    59   75    0   92  131    0 8931   91    0   26    0   29   87   77]
 [  38   10    4    4   12   17    5    1   27    3    7    3    0    3
     6   16    0   24   19    0  426  279    0    2    0    0    1    7]
 [  31    3    0    0    2    2    0    0    0    2    1    0    0    0
     1    3    0    7    1    0   98    2    0    0    0    0    3    1]
 [  22   27    9    8   22    3    7    2    2    7   14    2    0    4
     9    7    0    7   10    0  728    6    0   31    0    8    7   30]
 [  16    3    3    0    5    7    2    1    0    1    0    0    0    0
     1   11    0   18    5    0   78    2    0    0    0    0    3    0]
 [   2    9    6    2    4    1    0    0    3    5    3    1    1    1
     0    7    0    0    0    0   71    1    0    3    0  133   19    0]
 [  10   11   14    8    8    9    1    2    6   29    9    7    0    0
     9    6    0    5    6    0  376    4    0    3    0   78  192    2]
 [  38    9   15    8    5    0    4    9    3    2    2    3    0   11
     1    2    0    6    4    0  368    4    0    0    0    1    4  192]]

Classification Report:
----------------------

                precision    recall  f1-score   support

    admiration       0.51      0.52      0.52      2134
     amusement       0.51      0.61      0.56      1233
         anger       0.35      0.27      0.31      1062
     annoyance       0.25      0.08      0.12      1688
      approval       0.36      0.08      0.13      2226
        caring       0.24      0.11      0.15       669
     confusion       0.33      0.08      0.12       965
     curiosity       0.43      0.10      0.16      1143
        desire       0.41      0.21      0.28       439
disappointment       0.26      0.08      0.12       970
   disapproval       0.22      0.06      0.09      1537
       disgust       0.41      0.24      0.30       585
 embarrassment       0.54      0.07      0.12       303
    excitement       0.37      0.09      0.15       597
          fear       0.41      0.44      0.42       317
     gratitude       0.78      0.78      0.78      1409
         grief       0.00      0.00      0.00        58
           joy       0.34      0.27      0.30       814
          love       0.56      0.67      0.61      1004
   nervousness       0.00      0.00      0.00       187
       neutral       0.43      0.81      0.56     11067
      optimism       0.47      0.31      0.37       914
         pride       0.00      0.00      0.00       157
   realization       0.30      0.03      0.06       972
        relief       0.00      0.00      0.00       156
       remorse       0.40      0.49      0.44       272
       sadness       0.37      0.24      0.29       795
      surprise       0.38      0.28      0.32       691

      accuracy                           0.44     34364
     macro avg       0.34      0.25      0.26     34364
  weighted avg       0.40      0.44      0.38     34364


===========================================================
Top Multi-Layered Perceptron Model for --> Sentiments
(Hyper Parameters: {'activation': ('logistic', 'tanh', 'relu', 'identity'), 'hidden_layer_sizes': ((120,), (30, 30)), 'solver': ('adam', 'sgd')})
===========================================================

Confusion Matrix:
-----------------

[[ 832  618 1613  708]
 [ 229 4274 2226 1045]
 [ 535 1949 6188 2395]
 [ 231  934 2362 8225]]

Classification Report:
----------------------

              precision    recall  f1-score   support

   ambiguous       0.46      0.22      0.30      3771
    negative       0.55      0.55      0.55      7774
     neutral       0.50      0.56      0.53     11067
    positive       0.66      0.70      0.68     11752

    accuracy                           0.57     34364
   macro avg       0.54      0.51      0.51     34364
weighted avg       0.56      0.57      0.56     34364


