===========================================================
Base Multi-Layered Perceptron Model for --> Emotions
(Hyper Parameters: None)
===========================================================

Confusion Matrix:
-----------------

[[ 812   42    4    3   37    3    0    8    0    1    1    0    0    2    1   78    0   26   85    0 1000   21    0    0    0    0    1    9]
 [  33  402    4    2    7    0    0    5    0    0    3    1    0    0    0   13    0   16    9    0  729    5    0    0    0    2    1    1]
 [   6   24  122   14    2    5    0    8    0    0    2    7    0    0    1    5    0    1   12    0  842    2    0    0    0    0    9    0]
 [  13   40   37   20    7    1    1   11    0    0   10    6    0    0    2   12    0    3   14    0 1484    4    0    0    0    1   21    1]
 [  79   28   10    4   93    3    0    4    0    1   11    2    0    0    0   32    0    7   48    0 1879   13    0    0    0    1    9    2]
 [  14    4    0    0   11   20    0    1    0    0    1    0    0    0    0   26    0    7    8    0  541   21    0    0    0    7    8    0]
 [  11   12    2    0   11    0    7   32    0    0    3    0    0    0    1    7    0    1    7    0  863    0    0    0    0    0    7    1]
 [  15   13    4    0    6    4    5   91    0    0    2    1    0    1    0   12    0    1    6    0  975    3    0    0    0    0    1    3]
 [  12    7    1    0    5    0    0    2   10    0    1    0    0    0    1   14    0    2   18    0  348   16    0    0    0    0    2    0]
 [   9   18    7    3    4    0    1    0    0    1    4    1    0    0    1    9    0    3    7    0  851    5    0    0    0    4   41    1]
 [  11   26    4    7   15    3    2    3    0    0   45    5    0    0    0   12    0    2    8    0 1369    3    0    0    0    2   19    1]
 [   6   17   25    5    3    1    0    1    0    1    3   28    0    0    2    2    0    0    6    0  472    1    0    0    0    0    9    3]
 [   3   10    2    4    4    0    0    0    0    0    0    1    0    0    1    2    0    1    2    0  262    1    0    1    0    1    8    0]
 [  48   13    4    2   10    1    0    3    0    0    0    0    0    5    0   12    0   32   16    0  438    4    0    0    0    0    4    5]
 [   3    3    2    0    2    0    0    0    0    0    0    1    0    0   18    0    0    0    0    0  270    3    0    0    0    0   12    3]
 [  41    6    0    0    6    9    0    0    0    0    0    0    0    0    0 1036    0   14   11    0  271    7    0    0    0    1    7    0]
 [   0    0    3    0    0    0    0    0    0    0    0    0    0    0    0    2    0    0    0    0   47    0    0    0    0    1    5    0]
 [  61   57    3    1   12    1    0    2    0    0    0    0    0    6    0   38    0   86   52    0  481   10    0    0    0    0    4    0]
 [  46   23    1    0    2    2    0    0    0    0    0    0    0    1    0    9    0    7  501    0  408    3    0    0    0    1    0    0]
 [   0    2    0    1    1    0    0    0    0    0    1    0    0    0    2    1    0    1    0    0  162    1    0    0    0    0   14    1]
 [ 207  169   67   20   95   27    4  115    1    0   50    9    0    6    6   98    0   38   92    0 9924   49    0    0    0    6   70   14]
 [  38    7    0    0   14   13    0    2    2    0    0    0    0    0    0   27    0    7   10    0  681  110    0    0    0    0    3    0]
 [  21    2    1    0    3    1    0    0    0    0    0    0    0    0    0   11    0    4    2    0  108    2    0    0    0    0    2    0]
 [   7   18    2    1   12    0    0    1    0    0    5    0    0    0    0    8    0    1    5    0  906    0    0    0    0    2    2    2]
 [   7    1    0    0    5    1    0    1    0    0    0    0    0    0    0   11    0    5    3    0  115    2    0    0    0    0    5    0]
 [   1   10    2    0    3    0    0    0    0    0    1    0    0    0    0   10    0    0    0    0  173    0    0    0    0   48   24    0]
 [   6   14    2    6    7    1    0    3    0    0    5    1    0    0    1    8    0    3   10    0  568    4    0    0    0   24  132    0]
 [  30   25    8    1    5    2    2   10    0    0    3    0    0    0    1    8    0    3    1    0  573    2    0    0    0    0    1   16]]

Classification Report:
----------------------

                precision    recall  f1-score   support

    admiration       0.53      0.38      0.44      2134
     amusement       0.40      0.33      0.36      1233
         anger       0.38      0.11      0.18      1062
     annoyance       0.21      0.01      0.02      1688
      approval       0.24      0.04      0.07      2226
        caring       0.20      0.03      0.05       669
     confusion       0.32      0.01      0.01       965
     curiosity       0.30      0.08      0.13      1143
        desire       0.77      0.02      0.04       439
disappointment       0.25      0.00      0.00       970
   disapproval       0.30      0.03      0.05      1537
       disgust       0.44      0.05      0.09       585
 embarrassment       0.00      0.00      0.00       303
    excitement       0.24      0.01      0.02       597
          fear       0.47      0.06      0.10       317
     gratitude       0.69      0.74      0.71      1409
         grief       0.00      0.00      0.00        58
           joy       0.32      0.11      0.16       814
          love       0.54      0.50      0.52      1004
   nervousness       0.00      0.00      0.00       187
       neutral       0.37      0.90      0.52     11067
      optimism       0.38      0.12      0.18       914
         pride       0.00      0.00      0.00       157
   realization       0.00      0.00      0.00       972
        relief       0.00      0.00      0.00       156
       remorse       0.48      0.18      0.26       272
       sadness       0.31      0.17      0.22       795
      surprise       0.25      0.02      0.04       691

      accuracy                           0.39     34364
     macro avg       0.30      0.14      0.15     34364
  weighted avg       0.35      0.39      0.29     34364


===========================================================
Base Multi-Layered Perceptron Model for --> Sentiments
(Hyper Parameters: None)
===========================================================

Confusion Matrix:
-----------------

[[ 630  652 1744  745]
 [ 252 3742 2622 1158]
 [ 466 1931 6253 2417]
 [ 223 1235 2831 7463]]

Classification Report:
----------------------

              precision    recall  f1-score   support

   ambiguous       0.40      0.17      0.24      3771
    negative       0.49      0.48      0.49      7774
     neutral       0.46      0.57      0.51     11067
    positive       0.63      0.64      0.63     11752

    accuracy                           0.53     34364
   macro avg       0.50      0.46      0.47     34364
weighted avg       0.52      0.53      0.52     34364


===========================================================
Top Multi-Layered Perceptron Model for --> Emotions
(Hyper Parameters: {'activation': ('relu', 'logistic'), 'hidden_layer_sizes': ((80,), (10, 10)), 'solver': ('adam', 'sgd'), 'max_iter': [30], 'learning_rate_init': [0.01], 'learning_rate': ['constant'], 'batch_size': [300]})
===========================================================

Confusion Matrix:
-----------------

[[1094   57    9    2   28    7    0   14    2    3   18    2    1    7    2   37    0   58   93    0  645   29    3    4    2    0    5   12]
 [  46  661    4    6    4    0    1    9    0    0    8    3    1    0    1    9    0   21    8    0  429    8    0    2    0    3    2    7]
 [  13   24  211   43    3    8    1    7    0    1   17   16    0    0    8    4    0    7    1    0  679    2    0    0    0    6    7    4]
 [  34   60   66   59    9   13    5   27    2    7   47   30    4    0    9   10    1    5   15    1 1249    6    0    1    0    3   14   11]
 [ 140   53    6    9  109   17    6   12    7    1   40    8    0    5    4   13    1   29   46    1 1653   37    1    6    0    6   12    4]
 [  29    9    2    0    2   92    1    4    3    0    5    2    0    0    0    7    1   11   11    1  432   33    0    0    5   11    7    1]
 [  18   27    6    2    6    3   67   79    0    1   21    3    0    0    4    5    0    2    8    0  691    4    0    3    0    3    7    5]
 [  31   17   10    5    3    2   11  223    2    0    6    1    3    3    3    4    0    3   10    0  785    7    0    0    0    1    3   10]
 [  11   11    1    0    5    1    1    8   62    2    1    0    0    0    1    2    0    9   22    0  262   35    0    1    1    1    2    0]
 [  26   26   16    6    3    4    3    9    2   29   26   16    4    1    9    7    0    5    7    2  690   10    0    3    0   10   49    7]
 [  25   41   20   11   11    1   15    7    1    3  163   13    3    0    7   10    0    7    9    0 1154    8    0    3    0    9   14    2]
 [  16   17   30   14    3    2    0    0    2    0   10   94    4    1    8    2    0    0    1    0  364    3    0    1    0    1   10    2]
 [   7   10    6    4    1    1    1    1    0    1    8    4   28    0    2    2    0    0    5    1  208    1    0    2    0    5    4    1]
 [  65   23    8    1    3    0    3   13    2    1    1    1    0   46    2    3    1   45   16    1  339   13    0    0    0    0    1    9]
 [   5    5    3    0    1    5    0    0    0    1    3    5    1    0   89    0    0    1    1    3  183    4    0    1    0    0    4    2]
 [  89   16    4    0    3   14    0    1    1    1    7    0    0    4    0 1000    1   39   14    0  178   14    0    2    2   10    8    1]
 [   1    0    2    0    0    0    0    1    0    1    0    0    1    0    1    2    5    0    0    0   35    0    0    0    0    0    9    0]
 [  87  102    7    0    8    4    2    3    3    1    3    1    0   15    5   13    1  170   54    0  312    3    1    2    5    2    5    5]
 [  80   22    3    0    4    6    0    4    0    0    2    0    0    4    1    5    0   11  611    0  241    6    0    0    0    0    3    1]
 [   1    1    2    3    1    4    2    0    0    2    1    0    0    0   12    1    0    2    0   12  130    4    0    0    0    1    8    0]
 [ 376  280  128   34  108   91   47  193   25   19  192   37    8   31   27   54   10   86  117    1 8978   83    3   18   10   15   61   35]
 [  48   19    1    0   10   23    3    2   11    0    9    0    0    3    0    9    3   22   16    0  495  231    0    0    0    1    5    3]
 [  30    3    1    0    3    0    0    0    0    1    2    1    0    0    0    2    0    8    0    0   97    2    4    1    0    1    1    0]
 [  23   26    3    2    6    4    6    6    1    1   15    6    1    0    1    4    2    2    9    0  803    7    0   21    2    5    6   10]
 [  11    5    1    0    6    7    2    1    0    1    0    0    0    0    0    8    0   15    2    0   91    1    0    0    2    0    3    0]
 [   4   12    2    2    3    0    1    0    2    1    2    2    2    0    0    5    2    1    1    1  104    2    0    2    0   99   21    1]
 [   6   14   11    4    5    6    4    1    2   17   13    7    2    0    3    5    5    7    6    1  444    9    0    2    0   59  162    0]
 [  52   23    9    5    5    2    4   17    1    1   10    5    0    7    3    1    1    6    3    0  440    5    0    2    1    1    1   86]]

Classification Report:
----------------------

                precision    recall  f1-score   support

    admiration       0.46      0.51      0.49      2134
     amusement       0.42      0.54      0.47      1233
         anger       0.37      0.20      0.26      1062
     annoyance       0.28      0.03      0.06      1688
      approval       0.31      0.05      0.08      2226
        caring       0.29      0.14      0.19       669
     confusion       0.36      0.07      0.12       965
     curiosity       0.35      0.20      0.25      1143
        desire       0.47      0.14      0.22       439
disappointment       0.30      0.03      0.05       970
   disapproval       0.26      0.11      0.15      1537
       disgust       0.37      0.16      0.22       585
 embarrassment       0.44      0.09      0.15       303
    excitement       0.36      0.08      0.13       597
          fear       0.44      0.28      0.34       317
     gratitude       0.82      0.71      0.76      1409
         grief       0.15      0.09      0.11        58
           joy       0.30      0.21      0.25       814
          love       0.56      0.61      0.58      1004
   nervousness       0.48      0.06      0.11       187
       neutral       0.41      0.81      0.54     11067
      optimism       0.41      0.25      0.31       914
         pride       0.33      0.03      0.05       157
   realization       0.27      0.02      0.04       972
        relief       0.07      0.01      0.02       156
       remorse       0.39      0.36      0.38       272
       sadness       0.37      0.20      0.26       795
      surprise       0.39      0.12      0.19       691

      accuracy                           0.42     34364
     macro avg       0.37      0.22      0.24     34364
  weighted avg       0.39      0.42      0.35     34364


===========================================================
Top Multi-Layered Perceptron Model for --> Sentiments
(Hyper Parameters: {'activation': ('relu', 'logistic'), 'hidden_layer_sizes': ((80,), (10, 10)), 'solver': ('adam', 'sgd'), 'max_iter': [30], 'learning_rate_init': [0.01], 'learning_rate': ['constant'], 'batch_size': [300]})
===========================================================

Confusion Matrix:
-----------------

[[ 968  681 1366  756]
 [ 283 4137 2185 1169]
 [ 664 2080 5681 2642]
 [ 296 1212 2347 7897]]

Classification Report:
----------------------

              precision    recall  f1-score   support

   ambiguous       0.44      0.26      0.32      3771
    negative       0.51      0.53      0.52      7774
     neutral       0.49      0.51      0.50     11067
    positive       0.63      0.67      0.65     11752

    accuracy                           0.54     34364
   macro avg       0.52      0.49      0.50     34364
weighted avg       0.54      0.54      0.54     34364


