===========================================================
Multinomial Naive Bayes Model for --> Emotions
(Hyper Parameters: None)
===========================================================

Confusion Matrix:
-----------------

[[ 962   15    5    8   37    5    2   10    0    3    3    0    1    3
     0   54    0   16   40    0  947   11    0    2    0    0    0   10]
 [  34  332    6   11   11    0    2    4    1    1    7    0    0    2
     0    9    0   11   10    0  779    3    0    0    0    0    2    8]
 [   6   10  126   67   14    1    1    5    0    4   12    6    0    1
     0    5    0    2    0    0  794    2    0    0    0    1    1    4]
 [  28   19   51   97   42    3    4    9    0    5   31   11    0    2
     0    8    0    1    4    0 1346    4    0    5    0    0    9    9]
 [ 104   15    6   27  221   11    7    8    2    3   26    3    0    3
     1   18    0    6   12    0 1735   11    0    5    0    0    1    1]
 [  15    1    1    5   11   34    2    6    0    1    4    1    0    0
     0   20    0    4    4    0  543   15    0    0    0    1    1    0]
 [  12    8    4    7   13    0   58   26    0    1   13    1    0    0
     1    8    0    2    3    0  800    0    0    7    0    0    0    1]
 [  13    5    1    8   17    2   17  124    1    0   11    0    0    0
     0    5    0    1    2    0  921    2    0   10    0    0    0    3]
 [  14    4    2    5    8    1    2    1    7    0    1    1    0    2
     0    2    0    0    7    0  366   14    0    0    0    0    0    2]
 [  16    8    6   16   23    1    2    0    0   41   10    5    0    0
     0    2    0    1    6    0  809    4    0    2    0    1   13    4]
 [  12   13   11   40   42    3    9    2    0    5  114    5    1    0
     1   10    0    4    1    0 1250    2    0    6    0    0    3    3]
 [  13    5   22   32    9    0    2    0    0    5   17   51    0    0
     1    3    0    1    1    0  413    4    0    3    0    0    2    1]
 [   3    2    2   12    7    1    3    2    0    0    6    3    2    1
     0    2    0    0    1    0  252    2    0    1    0    0    0    1]
 [  56    5    6    0   13    0    1   13    0    0    4    0    0   18
     0   14    0   33    4    0  414    5    0    1    0    0    3    7]
 [   7    3    0    5   14    2    0    1    0    2    1    0    0    0
     5    0    0    0    0    0  273    2    0    2    0    0    0    0]
 [  77    5    0    2    7    8    0    2    0    2    3    0    0    1
     0  956    0   16    5    0  312    7    0    2    0    2    2    0]
 [   1    0    1    0    3    0    0    1    0    0    1    0    0    0
     1    2    0    0    0    0   44    0    0    0    0    0    4    0]
 [  71   55    1    6   18    5    0    1    0    1    2    0    0    7
     0   26    0   89   28    0  496    6    0    2    0    0    0    0]
 [  60   10    0    2    8    1    0    2    0    0    2    0    0    1
     0    3    0   10  350    0  545    6    0    2    0    1    0    1]
 [   3    0    2    6    8    3    1    2    0    2    3    0    0    0
     2    1    0    0    0    0  150    1    0    0    0    0    2    1]
 [ 298  103   85  152  262   44   53   89    9   59  165   24    3   17
    12   86    2   52   60    0 9335   42    0   42    0    2   37   34]
 [  43    4    0    3   14    8    2    5    3    0    6    0    0    0
     0   15    0    9    5    0  667  129    0    0    0    0    1    0]
 [  24    2    0    2    5    1    0    0    0    2    4    0    0    0
     0    5    0    4    0    0  104    3    0    1    0    0    0    0]
 [  20    9    3   10   32    0    3    1    0    2   10    0    0    2
     0    5    0    5    4    0  832    2    0   26    0    0    1    5]
 [  17    1    0    1    3    2    2    0    0    0    1    0    0    0
     0    8    0    4    2    0  113    0    0    2    0    0    0    0]
 [   2    3    3    4    5    3    0    0    0    5    1    1    1    0
     0   17    0    0    1    0  190    1    0    2    0   18   15    0]
 [  15    4    3   11   10    3    1    2    1   18    8    2    0    0
     0    8    0    5    1    0  618    4    0    2    0    9   70    0]
 [  39    7    9    6   11    0    4   20    0    3    9    1    0    4
     1    2    0    3    1    0  520    0    0    3    0    0    2   46]]

Classification Report:
----------------------

                precision    recall  f1-score   support

    admiration       0.49      0.45      0.47      2134
     amusement       0.51      0.27      0.35      1233
         anger       0.35      0.12      0.18      1062
     annoyance       0.18      0.06      0.09      1688
      approval       0.25      0.10      0.14      2226
        caring       0.24      0.05      0.08       669
     confusion       0.33      0.06      0.10       965
     curiosity       0.37      0.11      0.17      1143
        desire       0.29      0.02      0.03       439
disappointment       0.25      0.04      0.07       970
   disapproval       0.24      0.07      0.11      1537
       disgust       0.44      0.09      0.15       585
 embarrassment       0.25      0.01      0.01       303
    excitement       0.28      0.03      0.05       597
          fear       0.20      0.02      0.03       317
     gratitude       0.74      0.68      0.71      1409
         grief       0.00      0.00      0.00        58
           joy       0.32      0.11      0.16       814
          love       0.63      0.35      0.45      1004
   nervousness       0.00      0.00      0.00       187
       neutral       0.37      0.84      0.51     11067
      optimism       0.46      0.14      0.22       914
         pride       0.00      0.00      0.00       157
   realization       0.20      0.03      0.05       972
        relief       0.00      0.00      0.00       156
       remorse       0.51      0.07      0.12       272
       sadness       0.41      0.09      0.15       795
      surprise       0.33      0.07      0.11       691

      accuracy                           0.38     34364
     macro avg       0.31      0.14      0.16     34364
  weighted avg       0.36      0.38      0.31     34364


===========================================================
Multinomial Naive Bayes Model for --> Sentiments
(Hyper Parameters: None)
===========================================================

Confusion Matrix:
-----------------

[[ 882  588 1419  882]
 [ 306 4175 2058 1235]
 [ 690 1922 5401 3054]
 [ 307  956 2206 8283]]

Classification Report:
----------------------

              precision    recall  f1-score   support

   ambiguous       0.40      0.23      0.30      3771
    negative       0.55      0.54      0.54      7774
     neutral       0.49      0.49      0.49     11067
    positive       0.62      0.70      0.66     11752

    accuracy                           0.55     34364
   macro avg       0.51      0.49      0.50     34364
weighted avg       0.54      0.55      0.54     34364


===========================================================
Base Decision Tree Model for --> Emotions
(Hyper Parameters: None)
===========================================================

Confusion Matrix:
-----------------

[[1199   46   22   43  129   23   12   21   11   14   15    7    5   49
     8   73    1   50   81    3  254   26    7   11    3    1    0   20]
 [  60  698   20   46   41    7    9   11    9    8   18    7    5   21
     3    8    1   41   15    1  171    6    0    8    0    2    3   14]
 [  21   28  378  166   32   12   19   29    3   32   38   41    4    7
     8    2    1    5    1    0  204    2    0   10    0    4    4   11]
 [  53   64  230  378  109   25   43   35   12   76   90   58   14   10
     9    6    4   12   10    3  384   10    0   10    2    6   18   17]
 [ 194   47   53  136  621   70   46   43   38   50   62   18   11   27
     7   28    1   37   38    4  613   28    1   21    7    4    7   14]
 [  40   13   21   44   74  158    9   12    8   16   20    0    3    3
     4   14    4   11   12    1  145   27    0    5    0    9   13    3]
 [  19   28   29   57   46   11  294  118    8   17   26    6    5    8
     6    5    0    3   10    3  236    4    0   13    1    0    1   11]
 [  28   19   34   65   49   11  166  392    9   10   20    2    4   16
     7    6    0    3   10    0  257    5    2    4    1    2    1   20]
 [  18   11    9   16   36   12    9   10  122   12    8    1    2   15
     2    3    1    5    9    2  103   21    0    5    1    1    3    2]
 [  26   19   51  110   60   24   18   15    9  172   61   30    6    5
    11    4    1    8    8   10  238    1    1   14    3    7   42   16]
 [  31   32   94  164  123   23   68   23    7   80  366   25   12    9
     9    8    4    9    5    1  374   15    0   20    1    5   20    9]
 [  12   19   69  102   30    3   10    3    3   30   40  128    5    4
    17    3    1    2    1    1   93    3    0    3    1    1    1    0]
 [   7    7   22   31   23    6   12    5    3   15   11   12   47    1
     2    5    0    3    3    1   73    1    0    4    0    6    1    2]
 [  78   36   17   20   35    4   11   30    8    6    5    3    1  117
     1    9    0   36   11    4  129    8    1    6    1    0    2   18]
 [   6    7   14   21   17    4    4    5    3   13   11   14    3    2
   125    1    1    0    1    7   48    1    0    3    1    0    3    2]
 [ 113   14    4   16   37   22    2    9    2    7    7    1    1   14
     0 1039    0   26    7    0   53   10    3    2    6   11    2    1]
 [   4    0    1    4    4    1    2    1    1    4    1    1    0    0
     2    0    5    0    0    0   14    0    1    2    0    2    8    0]
 [ 100  107   10   19   50   16    3    9    8    4    5    2    1   45
     6   27    3  214   49    0  113    3    3    3    6    1    5    2]
 [ 151   23    1   12   51   20    6    7   18    7    4    5    1   15
     2   12    0   47  519    1   87    4    0    3    0    3    3    2]
 [   3    3    8   17   14   15    4    4    1   16    6    3    2    0
    15    1    0    0    0   25   38    1    0    0    0    0    8    3]
 [ 558  335  409  708 1047  263  410  406  153  284  514  117   51  146
    86   82   11  144  112   43 4759   96    6  130   14   27   78   78]
 [  69   16   17   35   92   46   21   13   49   20   21    1    2   12
     7   17    2   20   13    0  202  212    2    6    4    2    6    7]
 [  40    5    3    7   16    4    3    0    1    3    3    0    2    3
     2    2    0    6    0    0   43    6    5    1    1    0    1    0]
 [  57   49   27   71  114   24   24   11   10   36   45    4    5    6
     9   10    2   14    8    2  341    8    0   62    1   10    7   15]
 [  20    4    2    6   25   12    2    2    0    3    2    0    0    1
     0    9    0   12    3    0   32    2    0    2   16    0    1    0]
 [   4    4    5   17   19   11   10    4    3   26    3    1    6    1
     0   12    5    0    1    0   34    1    0    5    0   82   17    1]
 [  19   14   31   66   53   23   12    3    9   87   53   16   13    7
    15    6    4    3    3    8  129    2    1   16    0   54  147    1]
 [  60   17   24   33   40    5   22   39    4   19   17    9    8   35
     7    4    1   16    2    1  158    4    0   11    0    0    5  150]]

Classification Report:
----------------------

                precision    recall  f1-score   support

    admiration       0.40      0.56      0.47      2134
     amusement       0.42      0.57      0.48      1233
         anger       0.24      0.36      0.28      1062
     annoyance       0.16      0.22      0.18      1688
      approval       0.21      0.28      0.24      2226
        caring       0.18      0.24      0.21       669
     confusion       0.24      0.30      0.27       965
     curiosity       0.31      0.34      0.33      1143
        desire       0.24      0.28      0.26       439
disappointment       0.16      0.18      0.17       970
   disapproval       0.25      0.24      0.24      1537
       disgust       0.25      0.22      0.23       585
 embarrassment       0.21      0.16      0.18       303
    excitement       0.20      0.20      0.20       597
          fear       0.34      0.39      0.36       317
     gratitude       0.74      0.74      0.74      1409
         grief       0.09      0.09      0.09        58
           joy       0.29      0.26      0.28       814
          love       0.56      0.52      0.54      1004
   nervousness       0.21      0.13      0.16       187
       neutral       0.51      0.43      0.47     11067
      optimism       0.42      0.23      0.30       914
         pride       0.15      0.03      0.05       157
   realization       0.16      0.06      0.09       972
        relief       0.23      0.10      0.14       156
       remorse       0.34      0.30      0.32       272
       sadness       0.36      0.18      0.24       795
      surprise       0.36      0.22      0.27       691

      accuracy                           0.36     34364
     macro avg       0.29      0.28      0.28     34364
  weighted avg       0.38      0.36      0.36     34364


===========================================================
Base Decision Tree Model for --> Sentiments
(Hyper Parameters: None)
===========================================================

Confusion Matrix:
-----------------

[[1778  596  906  491]
 [ 891 4643 1535  705]
 [1599 2515 5245 1708]
 [ 865 1328 2524 7035]]

Classification Report:
----------------------

              precision    recall  f1-score   support

   ambiguous       0.35      0.47      0.40      3771
    negative       0.51      0.60      0.55      7774
     neutral       0.51      0.47      0.49     11067
    positive       0.71      0.60      0.65     11752

    accuracy                           0.54     34364
   macro avg       0.52      0.54      0.52     34364
weighted avg       0.56      0.54      0.55     34364


===========================================================
Base Multi-Layered Perceptron Model for --> Emotions
(Hyper Parameters: None)
===========================================================

Confusion Matrix:
-----------------

[[1191   27    6   14   40    9    3    8   11   10    8    7    2   21
     4   48    0   39   93    0  523   21    0    8    0    0    3   38]
 [  34  714    5   14    4    1    2    2    1    2    6    1    4    6
     1   15    0   29   14    0  349    3    0    1    0    3    6   16]
 [   6   17  263  101    8    3    5    9    2   10   27   23    3    1
     8    5    0    5    4    0  527    4    0    3    0    4   14   10]
 [  29   50   92  184   26    4   13   21   10   21   58   42    8    6
    14   10    0    6   14    0 1013   13    0    6    0    5   21   22]
 [ 131   32   13   43  242   38   17   17   18   28   44    9    1   12
     5   22    0   23   44    1 1410   27    0   20    1    9   11    8]
 [  27    8    3   10   13   99    3    4    4    6   11    3    0    0
     4   10    0   12   11    1  377   33    0    1    0   15   11    3]
 [  13   20    9   20   10    5  117   39    0   11   15    4    0    3
     3    8    0    6   11    0  633    2    0   17    0    2    4   13]
 [  18   19    6   14    9    2   29  186    2    7    9    2    3    7
    10    5    0    7   11    0  763    4    0    4    0    3    3   20]
 [  10   10    2    2    8    7    2    2  105    3    0    1    0    2
     2    1    0    5   23    0  222   28    0    0    0    1    2    1]
 [  13   16   18   29   15    7    6    5    6  103   25   15    7    0
     7    7    0    5    9    1  575    8    0    4    0   13   59   17]
 [  23   30   17   56   31    8   35    6    5   32  176   21    6    3
    11   12    0    5    8    0  994   16    0    4    0   12   17    9]
 [  10   10   34   61    2    1    2    1    1   10   15  157    4    0
    13    1    0    0    1    0  238    4    0    0    0    1   13    6]
 [   3    6    6   16    5    4    3    1    0    4    6   11   38    1
     4    2    0    1    6    0  172    1    0    1    0    8    2    2]
 [  59   18    8    5    7    0    3   16    0    1    3    0    0   69
     0   11    0   37   18    2  296   10    0    3    0    0    6   25]
 [   3    5    2    7    2    3    0    1    0    6    4    6    1    0
   132    2    0    0    1    0  129    6    0    2    0    0    5    0]
 [  99    6    1    2    3   14    2    1    1    3    2    0    0    5
     0 1097    0   31    9    0   93   16    0    1    0   19    4    0]
 [   1    0    0    1    1    1    0    0    0    0    1    0    0    0
     3    3    0    0    0    0   33    0    0    0    0    2   11    1]
 [  72  101    3    5   12    6    0    5    3    4    3    0    0   20
     4   34    0  210   63    0  250    7    0    2    1    1    4    4]
 [  59   16    1    4    3    4    1    1    4    0    4    0    0    1
     0   10    0   26  643    0  212    6    0    1    0    2    2    4]
 [   3    1    3    7    3    9    0    2    1   13    4    1    1    0
    14    1    0    1    0   11  100    4    0    0    0    0    6    2]
 [ 324  224  118  205  197   97  100  139   62  134  234   60   19   35
    54   76    2   75  121    1 8413  107    0   78    1   32   80   79]
 [  52   12    1    8   17   17    7    6   28    7   10    4    2    4
     2   21    0   14   16    2  391  280    0    2    0    0    4    7]
 [  29    2    1    1    3    2    0    0    0    4    1    0    0    0
     1    4    0    6    0    0   94    4    1    1    0    0    2    1]
 [  18   25    5   18   28    5    4    2    6   21   17    3    0    3
     6    8    0    6    8    0  668    6    0   71    0    4    9   31]
 [  19    2    1    2    4   12    1    1    0    4    0    0    0    0
     1   17    0   10    1    1   71    2    0    2    1    0    4    0]
 [   1    3    2    4    4    3    1    0    2   13    1    3    2    0
     1    7    0    0    0    0   62    1    0    1    0  140   21    0]
 [  12    9    9   15    5   12    0    2    6   47   11    8    2    0
     9    9    0    5    5    1  351    5    0    4    0   77  187    4]
 [  32    8   12    6   10    0    7   21    3    6    4    5    0   14
     4    3    0    1    2    0  316    4    0    6    0    0    4  223]]

Classification Report:
----------------------

                precision    recall  f1-score   support

    admiration       0.52      0.56      0.54      2134
     amusement       0.51      0.58      0.54      1233
         anger       0.41      0.25      0.31      1062
     annoyance       0.22      0.11      0.14      1688
      approval       0.34      0.11      0.16      2226
        caring       0.27      0.15      0.19       669
     confusion       0.32      0.12      0.18       965
     curiosity       0.37      0.16      0.23      1143
        desire       0.37      0.24      0.29       439
disappointment       0.20      0.11      0.14       970
   disapproval       0.25      0.11      0.16      1537
       disgust       0.41      0.27      0.32       585
 embarrassment       0.37      0.13      0.19       303
    excitement       0.32      0.12      0.17       597
          fear       0.42      0.42      0.42       317
     gratitude       0.76      0.78      0.77      1409
         grief       0.00      0.00      0.00        58
           joy       0.37      0.26      0.30       814
          love       0.57      0.64      0.60      1004
   nervousness       0.52      0.06      0.11       187
       neutral       0.44      0.76      0.55     11067
      optimism       0.45      0.31      0.36       914
         pride       1.00      0.01      0.01       157
   realization       0.29      0.07      0.12       972
        relief       0.25      0.01      0.01       156
       remorse       0.40      0.51      0.45       272
       sadness       0.36      0.24      0.29       795
      surprise       0.41      0.32      0.36       691

      accuracy                           0.44     34364
     macro avg       0.40      0.26      0.28     34364
  weighted avg       0.41      0.44      0.39     34364


===========================================================
Base Multi-Layered Perceptron Model for --> Sentiments
(Hyper Parameters: None)
===========================================================

Confusion Matrix:
-----------------

[[ 986  555 1546  684]
 [ 262 4335 2183  994]
 [ 630 1913 6152 2372]
 [ 275  927 2315 8235]]

Classification Report:
----------------------

              precision    recall  f1-score   support

   ambiguous       0.46      0.26      0.33      3771
    negative       0.56      0.56      0.56      7774
     neutral       0.50      0.56      0.53     11067
    positive       0.67      0.70      0.69     11752

    accuracy                           0.57     34364
   macro avg       0.55      0.52      0.53     34364
weighted avg       0.57      0.57      0.57     34364


===========================================================
Top Multinomial Naive Bayes Model for --> Emotions
(Hyper Parameters: {'alpha': (0, 0.5, 1.0, 1.5)})
===========================================================

Confusion Matrix:
-----------------

[[1094   23    8   15   51   11    3   18    3    7    9    2    1   14
     0   72    0   40   68    0  643   20    0    8    0    0    2   22]
 [  45  506    9   21   18    2    3    8    3    1   10    1    2    9
     0   15    0   25   12    0  523    4    0    3    0    0    3   10]
 [   9   14  202   93   20    6    3   12    1    6   29   15    1    3
     1    5    0    3    3    0  609    5    0    5    0    1    8    8]
 [  33   35   96  161   57   12   23   18    5   20   52   20    1    4
     0   11    0    3   10    0 1060   12    0   16    0    1   21   17]
 [ 130   24   19   47  300   33   17   17   10   14   55    5    0    8
     2   35    0   18   28    0 1394   29    0   24    0    0   14    3]
 [  15    5    4    8   15   89    2    6    1    8    9    2    0    0
     0   27    1    8    7    0  419   31    0    1    0    4    7    0]
 [  17   12    7   19   16    4  127   55    1    4   22    3    0    1
     1    9    0    3   11    0  626    3    0   14    0    1    1    8]
 [  21   12    7   16   19    4   44  204    3    5   17    1    0    5
     2    8    0    2    5    0  736    6    0   12    0    0    2   12]
 [  10    6    3    6   16    4    3    3   43    1    3    1    0    2
     0    3    0    6   16    0  281   29    0    0    0    1    0    2]
 [  21   14   10   31   40    7    9    4    2   82   27    9    2    0
     4    8    0    1    8    0  622   12    0   12    0    2   35    8]
 [  25   23   17   64   69    9   32    4    0   18  215   19    3    2
     3   12    0    7    4    0  966   10    0   13    0    1   15    6]
 [  18   10   37   46   16    0    5    2    0   10   23   96    1    0
     7    3    0    1    1    0  289    5    0    2    0    0    9    4]
 [   7    5    3   24    6    3    7    6    0    6    9    5   10    1
     1    4    0    1    3    0  192    2    0    3    0    2    1    2]
 [  59   13   13    3   17    0    3   16    0    2    7    1    0   41
     0   16    0   42   16    1  313    9    0    6    0    0    4   15]
 [  10    7    0    9   11    6    1    2    0    3    5    3    0    0
    51    0    0    0    0    1  194    3    0    5    0    0    4    2]
 [  80    8    0    3    8   10    2    3    0    3    3    0    0    2
     0 1056    0   26    9    0  167   17    0    2    0    6    4    0]
 [   2    0    1    1    3    1    0    1    0    0    1    0    0    0
     2    1    0    0    0    0   33    1    0    1    0    1    7    2]
 [  77   73    5    6   22   11    0    3    1    1    7    0    0    9
     1   30    0  172   41    0  334    7    0    5    0    1    5    3]
 [  80   14    1    1   10    6    1    3    1    0    4    0    0    0
     0   13    0   20  489    0  347    8    0    2    0    1    0    3]
 [   3    0    2    8    8   10    1    3    0    7    4    0    1    2
     6    1    0    0    0    1  116    6    0    1    0    0    6    1]
 [ 368  181  148  265  382  146  134  179   30  101  319   60   10   42
    35  109    2  102   89    3 7979  109    3  113    3    8   74   73]
 [  46   10    0   10   24   19    6    8   14    3   12    1    0    1
     1   23    0   14   10    0  489  209    0    3    1    0    5    5]
 [  29    2    1    5    3    2    2    0    0    3    4    2    0    0
     1    4    0    7    0    0   84    4    3    1    0    0    0    0]
 [  25   17    6   21   49    9   11    5    1   10   25    0    0    3
     0   11    0    9    9    0  672    7    1   59    0    5    3   14]
 [  19    2    0    2    6    9    1    1    0    1    1    0    0    0
     0   12    0    8    2    0   86    1    0    3    1    0    0    1]
 [   2    4    2    4    5   10    2    1    1   11    4    2    0    0
     0   13    0    0    3    0  138    1    1    3    0   46   19    0]
 [  17    9    5   13   19   10    2    3    4   40   14    4    0    0
     2   16    0    7    3    0  455    6    0    6    0   21  136    3]
 [  44   11   16    9   16    3    7   27    0    5   11    2    0    9
     4    4    0    6    2    0  394    4    0    9    0    0    3  105]]

Classification Report:
----------------------

                precision    recall  f1-score   support

    admiration       0.47      0.51      0.49      2134
     amusement       0.49      0.41      0.45      1233
         anger       0.32      0.19      0.24      1062
     annoyance       0.18      0.10      0.12      1688
      approval       0.24      0.13      0.17      2226
        caring       0.20      0.13      0.16       669
     confusion       0.28      0.13      0.18       965
     curiosity       0.33      0.18      0.23      1143
        desire       0.35      0.10      0.15       439
disappointment       0.22      0.08      0.12       970
   disapproval       0.24      0.14      0.18      1537
       disgust       0.38      0.16      0.23       585
 embarrassment       0.31      0.03      0.06       303
    excitement       0.26      0.07      0.11       597
          fear       0.41      0.16      0.23       317
     gratitude       0.69      0.75      0.72      1409
         grief       0.00      0.00      0.00        58
           joy       0.32      0.21      0.26       814
          love       0.58      0.49      0.53      1004
   nervousness       0.17      0.01      0.01       187
       neutral       0.40      0.72      0.51     11067
      optimism       0.37      0.23      0.28       914
         pride       0.38      0.02      0.04       157
   realization       0.18      0.06      0.09       972
        relief       0.20      0.01      0.01       156
       remorse       0.45      0.17      0.25       272
       sadness       0.35      0.17      0.23       795
      surprise       0.32      0.15      0.21       691

      accuracy                           0.39     34364
     macro avg       0.32      0.20      0.22     34364
  weighted avg       0.36      0.39      0.35     34364


===========================================================
Top Multinomial Naive Bayes Model for --> Sentiments
(Hyper Parameters: {'alpha': (0, 0.5, 1.0, 1.5)})
===========================================================

Confusion Matrix:
-----------------

[[ 882  588 1419  882]
 [ 306 4175 2058 1235]
 [ 690 1922 5401 3054]
 [ 307  956 2206 8283]]

Classification Report:
----------------------

              precision    recall  f1-score   support

   ambiguous       0.40      0.23      0.30      3771
    negative       0.55      0.54      0.54      7774
     neutral       0.49      0.49      0.49     11067
    positive       0.62      0.70      0.66     11752

    accuracy                           0.55     34364
   macro avg       0.51      0.49      0.50     34364
weighted avg       0.54      0.55      0.54     34364


===========================================================
Top Decision Tree Model for --> Emotions
(Hyper Parameters: {'criterion': ['gini', 'entropy'], 'max_depth': [3, 10], 'min_samples_split': [2, 5, 10]})
===========================================================

Confusion Matrix:
-----------------

[[  664     6     0     0     0     0     0     0     0     0     0     0
      0     0     0    17     0     1    78     0  1345    22     0     0
      0     1     0     0]
 [   38   379     1     5     0     0     0     0     0     0     0     0
      0     0     0     5     0     0    17     0   779     4     0     0
      0     5     0     0]
 [   23     6     0     0     0     0     0     0     0     0     0     0
      0     0     0     4     0     0     3     0  1016     3     0     0
      0     7     0     0]
 [   42    26     0     1     0     0     0     0     0     1     0     0
      0     0     0     7     0     0    13     0  1581    11     0     0
      0     6     0     0]
 [  103    13     1     0     0     1     0     0     0     0     0     0
      0     0     0    11     0     2    30     0  2042    20     0     0
      0     3     0     0]
 [   37     3     0     0     0     2     0     0     0     0     0     0
      0     0     0     1     0     0    15     0   570    26     0     0
      0    15     0     0]
 [   19     9     1     0     0     0     0     3     0     0     0     0
      0     0     0     3     0     0     9     0   918     0     0     0
      0     3     0     0]
 [   22     9     0     0     0     0     0     2     0     0     0     0
      0     0     0     4     0     0    15     0  1086     2     0     0
      0     3     0     0]
 [   15     4     0     0     0     0     0     0     0     0     0     0
      0     0     0     0     0     0    21     0   374    24     0     0
      0     0     1     0]
 [   22    11     0     3     0     0     0     0     0     1     0     0
      0     0     0     3     0     0     6     0   905     6     0     0
      0    13     0     0]
 [   37    14     1     1     0     0     0     0     0     0     1     0
      0     0     0     6     0     0    13     0  1437    10     0     0
      0    17     0     0]
 [   14     5     0     0     0     0     0     0     0     0     0     0
      0     0     0     1     0     0     2     0   557     3     0     0
      0     3     0     0]
 [    2     4     0     0     0     0     0     0     0     0     0     0
      0     0     0     2     0     0     5     0   282     2     0     0
      0     6     0     0]
 [   29     4     0     0     0     0     0     0     0     0     0     0
      0     0     0     1     0     0    11     0   549     3     0     0
      0     0     0     0]
 [    5     4     0     0     0     0     0     0     0     0     0     0
      0     0     0     0     0     0     2     0   303     2     0     0
      0     1     0     0]
 [   55     2     1     1     0     3     0     1     1     0     0     0
      0     0     0  1020     0     0    13     0   267    19     0     0
      4    22     0     0]
 [    1     0     0     0     0     0     0     0     0     0     0     0
      0     0     0     0     0     0     1     0    50     0     0     0
      0     6     0     0]
 [   59    28     0     0     0     0     0     0     0     0     0     0
      0     0     0     4     0     1    46     0   669     6     0     0
      0     1     0     0]
 [   16    11     0     1     3     1     0     0     0     1     0     0
      0     0     0     7     0     1   607     0   346     6     0     0
      0     2     2     0]
 [    1     0     0     0     0     0     0     0     0     0     0     0
      0     0     0     1     0     0     0     0   183     1     0     0
      0     1     0     0]
 [  274   116     2     1     0     0     0     0     0     0     0     0
      0     0     0    42     0     0   125     0 10409    61     0     0
      0    36     1     0]
 [   40     6     0     0     0    12     0     0     0     0     0     0
      0     0     0     2     0     3    15     0   601   232     0     0
      0     3     0     0]
 [   14     1     0     0     0     0     0     0     0     0     0     0
      0     0     0     1     0     0     0     0   139     2     0     0
      0     0     0     0]
 [   27    11     0     0     0     0     0     0     0     0     1     0
      0     0     0     4     0     0     8     0   914     2     0     0
      0     5     0     0]
 [   16     2     1     0     0     0     0     0     1     0     0     0
      0     0     0     7     0     0     1     0   128     0     0     0
      0     0     0     0]
 [    4     4     0     0     0     0     0     0     0     0     0     0
      0     0     0     0     0     0     0     0   107     1     0     0
      0   155     1     0]
 [   14     5     0     0     0     0     0     0     0     0     0     0
      0     0     0     2     0     0     4     0   677     6     0     0
      0    87     0     0]
 [   21     4     0     0     0     0     0     0     0     0     0     0
      0     0     0     2     0     0     3     0   659     0     0     0
      0     2     0     0]]

Classification Report:
----------------------

                precision    recall  f1-score   support

    admiration       0.41      0.31      0.35      2134
     amusement       0.55      0.31      0.39      1233
         anger       0.00      0.00      0.00      1062
     annoyance       0.08      0.00      0.00      1688
      approval       0.00      0.00      0.00      2226
        caring       0.11      0.00      0.01       669
     confusion       0.00      0.00      0.00       965
     curiosity       0.33      0.00      0.00      1143
        desire       0.00      0.00      0.00       439
disappointment       0.33      0.00      0.00       970
   disapproval       0.50      0.00      0.00      1537
       disgust       0.00      0.00      0.00       585
 embarrassment       0.00      0.00      0.00       303
    excitement       0.00      0.00      0.00       597
          fear       0.00      0.00      0.00       317
     gratitude       0.88      0.72      0.80      1409
         grief       0.00      0.00      0.00        58
           joy       0.12      0.00      0.00       814
          love       0.57      0.60      0.59      1004
   nervousness       0.00      0.00      0.00       187
       neutral       0.36      0.94      0.52     11067
      optimism       0.49      0.25      0.33       914
         pride       0.00      0.00      0.00       157
   realization       0.00      0.00      0.00       972
        relief       0.00      0.00      0.00       156
       remorse       0.38      0.57      0.46       272
       sadness       0.00      0.00      0.00       795
      surprise       0.00      0.00      0.00       691

      accuracy                           0.39     34364
     macro avg       0.18      0.13      0.12     34364
  weighted avg       0.28      0.39      0.27     34364


===========================================================
Top Decision Tree Model for --> Sentiments
(Hyper Parameters: {'criterion': ['gini', 'entropy'], 'max_depth': [3, 10], 'min_samples_split': [2, 5, 10]})
===========================================================

Confusion Matrix:
-----------------

[[   10    18  3571   172]
 [    4   339  7072   359]
 [    8    55 10377   627]
 [    4    75  7660  4013]]

Classification Report:
----------------------

              precision    recall  f1-score   support

   ambiguous       0.38      0.00      0.01      3771
    negative       0.70      0.04      0.08      7774
     neutral       0.36      0.94      0.52     11067
    positive       0.78      0.34      0.47     11752

    accuracy                           0.43     34364
   macro avg       0.55      0.33      0.27     34364
weighted avg       0.58      0.43      0.35     34364


===========================================================
Top Multi-Layered Perceptron Model for --> Emotions
(Hyper Parameters: {'activation': ('logistic', 'tanh', 'relu', 'identity'), 'hidden_layer_sizes': ((120,), (30, 30)), 'solver': ('adam', 'sgd')})
===========================================================

Confusion Matrix:
-----------------

[[1151   28    6   14   39    6    1   11   10    5    7    5    1    8
     3   41    0   50   80    0  604   27    0    5    0    0    3   29]
 [  37  747    6   12    3    0    0    4    1    0    4    1    1    2
     1    7    0   28   13    0  341    6    0    2    0    1    3   13]
 [   5   17  268   81    9    1    4    8    1    4   23   14    1    0
     5    4    0    6    2    0  584    4    0    2    0    5    6    8]
 [  31   46  112  150   37    3   11   13    8   12   49   19    1    2
     8    7    0   14   13    0 1100   12    0    2    0    5   15   18]
 [ 124   30   10   29  254   23   19    7   15   13   38    6    0    3
     4   18    0   34   37    0 1512   27    0    4    0    5    8    6]
 [  21    8    4    5   12   80    1    4    4    0   12    2    0    0
     4    7    0   16   12    0  410   40    0    1    0   15   10    1]
 [  15   20    5   12   15    4  104   40    0    0   18    4    0    1
     3    6    0    6    8    0  681    2    0    5    0    3    3   10]
 [  21   15    7    9   12    2   28  168    4    1    9    2    2    2
     4    5    0    6   13    0  805    4    0    1    0    3    3   17]
 [   7    8    0    4    4    2    1    1  101    1    0    1    0    3
     2    1    0    7   22    0  235   37    0    0    0    1    0    1]
 [  10   20   23   25   27    3    5    2    6   63   20   16    0    1
     7    7    0    6    7    0  626   10    0    4    0   12   57   13]
 [  23   28   21   38   44    5   34    3    5   10  133   14    4    1
    10   11    0    7    8    0 1084   15    0    3    0   14   14    8]
 [   4   11   52   48    4    0    3    1    1    6   20  128    1    0
     9    2    0    1    1    0  272    4    0    0    0    1    9    7]
 [   3    6   12   23    9    4    8    1    1    6    6    4   11    1
     3    2    0    2    4    0  182    4    0    1    0    7    3    0]
 [  67   13   10    0    9    1    6   11    1    1    0    0    0   49
     0    9    0   57   18    0  311    9    0    0    0    0    5   20]
 [   2    5    8    4    2    5    0    1    1    2    8    5    0    0
   124    0    0    0    2    0  138    6    0    0    0    0    3    1]
 [  96    5    1    2    5    8    1    1    1    2    3    0    0    1
     0 1082    0   43   10    0  106   20    0    0    0   17    5    0]
 [   1    0    0    0    2    0    0    0    0    0    0    0    0    0
     3    2    0    0    0    0   38    1    0    0    0    4    5    2]
 [  70  108    3    7   12    2    0    4    1    1    1    0    0    8
     2   23    0  236   58    0  265    7    0    1    0    1    3    1]
 [  58   15    2    1    4    3    0    1    2    0    2    0    0    1
     0    9    0   28  626    0  239    6    0    0    0    2    2    3]
 [   3    2    3    6    7    6    1    0    3   11    3    1    0    0
    12    1    0    1    0    0  108    4    0    0    0    0   14    1]
 [ 312  227  128  132  191   87   88  108   45   36  202   39    6   19
    44   66    0   95  103    0 8843  113    0   21    0   30   71   61]
 [  43   11    1    5   15   12    7    3   27    2   10    3    0    1
     3   11    0   21   13    0  404  311    0    2    0    1    3    5]
 [  27    1    0    1    3    2    0    0    0    4    1    0    0    0
     1    2    0   10    0    0  101    2    0    0    0    0    1    1]
 [  17   19    7    9   36    5    5    2    6    6   11    1    0    2
     7    9    0    5    9    0  745    8    0   26    0    5    4   28]
 [  17    2    0    2    4    8    1    0    0    0    2    0    0    0
     1   11    0   16    3    0   83    2    0    0    0    0    4    0]
 [   2    3    9    3    6    3    3    0    4    5    0    3    0    0
     0    3    0    0    0    0   69    3    0    1    0  136   19    0]
 [   8    7    9   13   12    8    3    1   10   26    7    8    0    0
     8    7    0    7    5    0  392    8    0    4    0   80  169    3]
 [  33    8   13    6   11    0    3   19    3    3    5    2    0   10
     3    1    0    3    3    0  362    4    0    1    0    0    3  195]]

Classification Report:
----------------------

                precision    recall  f1-score   support

    admiration       0.52      0.54      0.53      2134
     amusement       0.53      0.61      0.57      1233
         anger       0.37      0.25      0.30      1062
     annoyance       0.23      0.09      0.13      1688
      approval       0.32      0.11      0.17      2226
        caring       0.28      0.12      0.17       669
     confusion       0.31      0.11      0.16       965
     curiosity       0.41      0.15      0.22      1143
        desire       0.39      0.23      0.29       439
disappointment       0.29      0.06      0.11       970
   disapproval       0.22      0.09      0.12      1537
       disgust       0.46      0.22      0.30       585
 embarrassment       0.39      0.04      0.07       303
    excitement       0.43      0.08      0.14       597
          fear       0.46      0.39      0.42       317
     gratitude       0.80      0.77      0.78      1409
         grief       0.00      0.00      0.00        58
           joy       0.33      0.29      0.31       814
          love       0.59      0.62      0.60      1004
   nervousness       0.00      0.00      0.00       187
       neutral       0.43      0.80      0.56     11067
      optimism       0.45      0.34      0.39       914
         pride       0.00      0.00      0.00       157
   realization       0.30      0.03      0.05       972
        relief       0.00      0.00      0.00       156
       remorse       0.39      0.50      0.44       272
       sadness       0.38      0.21      0.27       795
      surprise       0.43      0.28      0.34       691

      accuracy                           0.44     34364
     macro avg       0.35      0.25      0.27     34364
  weighted avg       0.41      0.44      0.38     34364


===========================================================
Top Multi-Layered Perceptron Model for --> Sentiments
(Hyper Parameters: {'activation': ('logistic', 'tanh', 'relu', 'identity'), 'hidden_layer_sizes': ((120,), (30, 30)), 'solver': ('adam', 'sgd')})
===========================================================

Confusion Matrix:
-----------------

[[1094  630 1458  589]
 [ 320 4601 2036  817]
 [ 726 2174 6036 2131]
 [ 325 1075 2401 7951]]

Classification Report:
----------------------

              precision    recall  f1-score   support

   ambiguous       0.44      0.29      0.35      3771
    negative       0.54      0.59      0.57      7774
     neutral       0.51      0.55      0.52     11067
    positive       0.69      0.68      0.68     11752

    accuracy                           0.57     34364
   macro avg       0.55      0.53      0.53     34364
weighted avg       0.57      0.57      0.57     34364


