===========================================================
Top Multi-Layered Perceptron Model for --> Emotions
(Hyper Parameters: {'activation': ('relu', 'logistic'), 'hidden_layer_sizes': ((80,), (10, 10)), 'solver': ('adam', 'sgd'), 'max_iter': [30], 'learning_rate_init': [0.01], 'learning_rate': ['constant'], 'batch_size': [300]})
===========================================================

Confusion Matrix:
-----------------

[[ 753   18   11    5    2    2    0    7    0    1    6    4    0    5    3   73    0   15   48    0 1160   14    0    0    0    0    3    4]
 [  49  263   13   18    0    0    0   13    2    2    6    5    0    3    4   22    0    9    9    0  801    1    0    2    0    1    7    3]
 [   8    6  157   30    0    0    0   16    1    1    8   11    0    0    3    9    0    0    0    0  807    0    0    0    0    0    5    0]
 [  20   17   69   49    1    3    0   14    1    2   16   14    0    3    8    9    0    2    9    0 1437    1    0    0    0    1   12    0]
 [ 102   15   12   12   24    3    1   13    5    1   18    2    1    0    3   34    1    3   24    0 1930    5    0    2    0    2   10    3]
 [   9    4    5    2    1   13    0    2    0    0    1    0    0    0    1   39    0    5    4    0  556   13    0    0    0    6    8    0]
 [   9    8    6    1    0    0    6   85    0    0    9    3    0    0    3    8    0    0    4    0  813    1    0    2    0    0    3    4]
 [  13    4   13    7    0    0    2  205    3    0    3    0    1    0    1    4    0    0    4    0  878    3    0    0    0    0    2    0]
 [  14    3    2    1    0    1    0    4   27    1    1    0    0    2    1    6    1    2    6    0  358    9    0    0    0    0    0    0]
 [  13    7   12   11    0    0    0    6    0    9    8    7    0    0    2   11    0    1    4    0  841    4    0    1    0    2   30    1]
 [  19   13   14   17    3    3    1   10    0    2   79    8    0    0    2   11    0    2    4    0 1332    3    0    0    0    0   14    0]
 [   5    7   41   19    1    1    0    3    0    2    3   60    0    0    6    2    0    0    0    0  432    1    0    0    0    0    2    0]
 [   6    2    5    9    0    0    0    2    0    1    1    6    1    0    0    2    0    0    0    1  261    1    0    1    0    3    1    0]
 [  39    3    8    4    0    1    0   13    0    0    0    0    0   17    0   23    0    9    9    0  464    4    0    0    0    0    1    2]
 [   1    3    6    1    0    2    0    2    0    0    0    4    0    0   35    1    0    1    0    0  258    0    0    0    0    0    3    0]
 [  57    5    3    1    0    6    0    9    2    2    1    0    0    4    0  602    0    5    7    0  686   10    0    0    0    2    7    0]
 [   0    0    3    0    0    1    0    1    0    0    0    0    0    0    1    1    1    0    0    0   44    0    0    0    0    0    6    0]
 [  71   39    2    2    1    6    0    2    1    0    0    0    0   16    3   28    1   43   31    0  556    5    0    0    0    0    6    1]
 [  62    5    3    3    0    1    0    4    1    0    0    0    0    0    0   18    0    7  308    0  586    2    0    0    0    2    2    0]
 [   0    2    2    2    0    0    0    0    1    0    1    1    0    0    2    1    0    0    0    8  161    1    0    0    0    0    4    1]
 [ 252   95   96   58   10   33    3  199   10    0   77   24    0   16   16  117    2   18   38    0 9913   18    1    3    0    7   50   11]
 [  44    4    5    3    0    8    0    4    3    3    7    0    0    5    1   38    0    4    5    0  703   73    0    0    0    0    3    1]
 [  16    4    0    0    0    0    0    1    0    0    0    1    0    0    0    6    0    2    0    0  123    2    1    0    0    0    1    0]
 [  11    7    5    7    0    1    1    7    2    0    2    3    0    0    0    8    0    0    5    0  905    1    0    0    0    1    5    1]
 [  10    2    2    0    0    2    0    1    1    0    1    0    0    0    0   13    0    2    0    0  116    2    0    0    0    0    4    0]
 [   2    5    4    4    0    1    0    1    0    1    0    1    0    0    0   13    0    1    0    0  189    1    0    0    0   31   18    0]
 [   9    7   10    5    0    0    0    4    1    9    4    4    0    0    2   13    0    0    9    0  588    3    0    2    0   21  104    0]
 [  30    5    9    1    1    3    1   24    0    0   10    4    0    1    1   10    0    1    3    0  572    0    0    1    0    0    1   13]]

Classification Report:
----------------------

                precision    recall  f1-score   support

    admiration       0.46      0.35      0.40      2134
     amusement       0.48      0.21      0.29      1233
         anger       0.30      0.15      0.20      1062
     annoyance       0.18      0.03      0.05      1688
      approval       0.55      0.01      0.02      2226
        caring       0.14      0.02      0.03       669
     confusion       0.40      0.01      0.01       965
     curiosity       0.31      0.18      0.23      1143
        desire       0.44      0.06      0.11       439
disappointment       0.24      0.01      0.02       970
   disapproval       0.30      0.05      0.09      1537
       disgust       0.37      0.10      0.16       585
 embarrassment       0.33      0.00      0.01       303
    excitement       0.24      0.03      0.05       597
          fear       0.36      0.11      0.17       317
     gratitude       0.54      0.43      0.48      1409
         grief       0.17      0.02      0.03        58
           joy       0.33      0.05      0.09       814
          love       0.58      0.31      0.40      1004
   nervousness       0.89      0.04      0.08       187
       neutral       0.36      0.90      0.51     11067
      optimism       0.41      0.08      0.13       914
         pride       0.50      0.01      0.01       157
   realization       0.00      0.00      0.00       972
        relief       0.00      0.00      0.00       156
       remorse       0.39      0.11      0.18       272
       sadness       0.33      0.13      0.19       795
      surprise       0.29      0.02      0.04       691

      accuracy                           0.37     34364
     macro avg       0.35      0.12      0.14     34364
  weighted avg       0.36      0.37      0.27     34364


===========================================================
Top Multi-Layered Perceptron Model for --> Sentiments
(Hyper Parameters: {'activation': ('relu', 'logistic'), 'hidden_layer_sizes': ((80,), (10, 10)), 'solver': ('adam', 'sgd'), 'max_iter': [30], 'learning_rate_init': [0.01], 'learning_rate': ['constant'], 'batch_size': [300]})
===========================================================

Confusion Matrix:
-----------------

[[ 483  771 1822  695]
 [ 119 3647 2743 1265]
 [ 334 2205 5938 2590]
 [ 121 1502 3378 6751]]

Classification Report:
----------------------

              precision    recall  f1-score   support

   ambiguous       0.46      0.13      0.20      3771
    negative       0.45      0.47      0.46      7774
     neutral       0.43      0.54      0.48     11067
    positive       0.60      0.57      0.59     11752

    accuracy                           0.49     34364
   macro avg       0.48      0.43      0.43     34364
weighted avg       0.49      0.49      0.48     34364


